[size]
800 600
[center points]
423 101 38.000189594191696
473 104 38.370436090638414
525 135 44.574831538328596
531 185 38.688688389565186
548 249 42.080828411158365
596 266 34.578306530539535
650 267 36.23110428505349
712 297 42.27307524383108
724 377 37.44846284263959
693 462 39.5943190437448
626 506 38.81805077833833
549 500 36.99603734208786
496 453 36.45656995480565
461 388 33.62982244704564
412 332 30.125179330594143
335 310 33.2810965146102
275 342 32.62071490777298
260 417 33.09604961127598
251 489 33.119243752249346
203 531 36.687925297535394
127 518 39.78956274270245
83 458 43.11027813934546
60 384 41.4043499458806
50 310 33.783364792180336
59 237 28.76347613824796
88 168 25.048807256813816
137 110 17.58675642113672
196 82 21.783714971950282
262 85 39.06937057273299
336 98 55.04706925180832

[inner points]
330.27528276750337 152.74858396179152
421.2071090318392 138.95787074074101
461.7063190943642 140.6707395260505
487.6251587164769 159.29067404791044
493.0041089317008 192.28881823280125
517.0675200223113 277.5302962164651
589.8282005013144 300.02305355884414
641.5783287071812 302.2387339493083
677.9549227194924 322.05884282114533
686.7401694775476 373.24601562141197
661.958100328934 437.421339227913
616.333888704508 468.40468967207727
563.4620330700246 465.9477404788071
524.5837368975591 430.37144552029997
488.63406846586247 368.8343218788419
428.1328811252319 306.5587622883714
331.4844711280373 276.90509945678644
248.81787693581686 322.54216165792894
227.33130453136113 411.6986005385959
221.74918307045536 473.46700236029204
193.0478001522682 495.68771345794295
147.92388787092145 484.1562380988673
121.49324317757558 438.5895308937739
100.42588190376662 375.0519126767976
83.78279137425875 309.8031659459363
86.79472638831325 244.4020770432604
109.35892478157415 181.08583498153885
147.7299709980623 123.9341926137518
200.30298002482752 103.35449837587169
257.72414766513606 123.83468557565483

[outer points]
341.72471723249663 43.251416038208475
424.7928909681608 63.04212925925899
484.2936809056358 67.32926047394947
562.3748412835231 110.70932595208957
568.9958910682992 177.71118176719875
578.9324799776887 220.46970378353492
602.1717994986856 231.97694644115586
658.4216712928188 231.76126605069172
746.0450772805076 271.94115717885467
761.2598305224524 380.75398437858803
724.041899671066 486.578660772087
635.666111295492 543.5953103279228
534.5379669299754 534.0522595211929
467.41626310244084 475.62855447970003
433.36593153413753 407.1656781211581
395.8671188747681 357.4412377116286
338.5155288719627 343.09490054321356
301.18212306418314 361.45783834207106
292.6686954686389 422.3013994614041
280.2508169295446 504.53299763970796
212.9521998477318 566.3122865420571
106.07611212907855 551.8437619011327
44.506756822424414 477.4104691062261
19.57411809623337 392.9480873232024
16.217208625741257 310.1968340540637
31.205273611686746 229.5979229567396
66.64107521842585 154.91416501846115
126.2700290019377 96.0658073862482
191.69701997517248 60.64550162412832
266.27585233486394 46.16531442434517
