[size]
768 512
[center points]
344 67 31.000031704898333
394 67 31.46144879209228
446 72 31.292016705277266
499 78 31.122385458530935
552 88 31.780509030477223
599 107 31.22575422359002
634 143 31.389616909507048
654 192 31.443612485066115
661 243 32.936954687270806
656 295 38.85530269733347
640 346 43.13065686169144
610 384 47.05540788927876
563 399 39.69529914482925
508 403 32.61343490888264
453 408 31.242945125348594
402 418 31.553930240587807
352 426 31.04617601912162
301 427 31.402315546999677
249 425 31.032469903376438
197 419 31.085969833360494
154 394 31.40275860668614
118 354 31.263666582516013
90 310 36.12656352172668
75 261 38.80885994399459
79 209 38.63633193530908
105 165 34.39210857659368
146 132 31.4849346723855
191 105 31.553516044140334
240 86 31.146973981244106
291 74 31.50664720446007

[inner points]
296.6779092960136 104.99080773540041
346.0339292940504 97.93323612769129
392.4926434583207 98.42531839701391
442.742362946134 103.12198757002243
494.36121505556395 108.77473884322418
543.0546659843767 118.49560220073013
581.579869278593 132.91499126916975
607.7337711585586 160.18700881988033
623.6291362152036 200.14318113984652
628.0698126861672 243.66764327841602
617.9186765263029 287.28330704297144
601.8664404661464 325.84844426355585
583.2088545826007 345.31607648065983
555.4733675843237 360.02479533502395
505.34073164929606 370.49516300002614
448.57403734191195 377.072140800651
396.47082811516066 386.9342830133315
349.2365074803118 395.07706103062145
301.2957624052328 395.59907730156664
251.37660729647308 394.0586696138916
206.80079197388403 389.4994576801502
173.8020480442509 369.6276357042863
142.89280862170918 335.0853250859104
122.80918510977114 294.8776336401301
113.57367988598969 256.73399130265983
115.85036139778353 220.61107274407192
131.00533485694376 187.50643666426194
164.01252904075403 157.8234372011236
204.87119481659056 133.3410361332823
249.21938838293477 115.75124982303944

[outer points]
285.3220907039864 43.009192264599584
341.9660707059496 36.06676387230871
395.5073565416793 35.57468160298609
449.257637053866 40.878012429977574
503.63878494443605 47.22526115677582
560.9453340156233 57.50439779926986
616.420130721407 81.08500873083024
660.2662288414414 125.81299118011965
684.3708637847964 183.85681886015348
693.9301873138328 242.33235672158398
694.0813234736971 302.71669295702856
678.1335595338536 366.15155573644415
636.7911454173993 422.68392351934017
570.5266324156763 437.97520466497605
510.65926835070394 435.50483699997386
457.42596265808805 438.927859199349
407.52917188483934 449.0657169866685
354.7634925196882 456.92293896937855
300.7042375947672 458.40092269843336
246.62339270352692 455.9413303861084
187.19920802611597 448.5005423198498
134.1979519557491 418.3723642957137
93.10719137829082 372.9146749140896
57.190814890228864 325.1223663598699
36.4263201140103 265.26600869734017
42.14963860221648 197.38892725592808
78.99466514305624 142.49356333573806
127.98747095924595 106.17656279887639
177.12880518340944 76.6589638667177
230.78061161706523 56.24875017696055
