[size]
1000 600
[center points]
417 117 40.00005705986559
467 117 40.72330390063847
518 115 40.05451416176634
575 116 40.72856947138475
625 108 40.08570714451509
677 80 40.43495658535053
724 56 40.037955105561345
784 57 40.39154709090412
837 86 40.16744999624354
884 129 40.36212675920876
895 182 40.136131894431045
872 227 40.558887423196495
839 270 40.00624370266803
799 305 47.19947112628921
788 347 46.60267393897228
814 396 40.16664472051037
855 434 44.9401086784762
876 474 48.5638351288308
856 523 41.3542084206673
812 552 40.545166959277466
760 552 40.066048861089506
712 548 40.44906121383399
660 537 40.06949048039297
622 517 40.521412365719804
595 483 40.025133265805415
587 441 41.36728491710453
600 398 44.56605592646459
613 341 47.91872254372533
599 288 45.09025780935297
563 248 46.88449108004403
520 223 47.765628765024765
446 215 42.944928679650715
384 246 40.60083514059612
349 301 40.234410063230484
341 360 40.52687935869322
356 409 40.00697083657343
367 470 40.29611978635
352 512 40.002135239383996
312 526 40.26399628174321
257 523 40.23789909674298
196 519 40.034061550074114
142 506 40.08798554370544
112 476 40.03213932940075
110 423 40.02541372500967
121 370 40.17890624541954
148 328 40.022403591295046
187 299 40.11524213283834
190 252 40.08347372783443
154 225 49.000073852647176
120 187 47.39727903632315
122 128 36.533070968997436
156 96 27.28792353622496
194 95 29.485949091924013
254 104 33.10184706069156
310 112 40.25415712684304
360 115 40.127016264832655

[inner points]
358.09465362067607 155.08175507001835
416.2985683424064 156.99390651614604
467.7980361180052 157.71548377384352
518.4336525775681 155.05216661027353
577.8712857217436 156.62723334771303
637.8490271137624 145.9705994093539
695.780667810967 115.80882894808613
733.0391763510789 95.00424515266307
773.6681827759726 96.04779928812908
813.6343257706527 118.67214879693012
848.9175059666409 148.95795302444003
855.2232831129783 176.6407204647562
837.7126241739874 205.33437727704808
809.8171656518855 242.6346621689449
758.861758839236 280.1663198232369
741.7096686255187 352.38650531447615
782.1605024755079 420.4868484189281
819.3166064627517 461.31865285293395
827.4920102208865 476.32830625341364
824.0476429501055 496.7470490600381
800.3528125521311 513.1637593437536
761.6650906545689 511.9685655459203
717.8767299980881 507.9801224688273
673.6068445569831 499.31156877023926
647.857872498751 485.80135756237064
631.3867681759873 466.3262363381137
628.3098891610576 443.17837529228376
643.0806310988704 409.4101956584369
660.9117913384284 340.1850024752047
638.6665797006473 266.5595288259303
592.5645664932001 211.61192624081514
534.8965763404631 177.61666269817835
438.3969983818264 172.73344980135786
356.8080343537304 215.8499615521645
311.2152543862315 287.1753570737257
300.606477096881 363.2850050272832
317.11829225222857 418.42181076732754
326.84029411869267 466.6871019691582
323.804156212897 483.62456666686387
306.337914505099 486.1361042492751
259.4122529053671 482.8344729943672
202.01676046704227 479.42065339501727
161.59878469140446 471.02952354381904
148.68940179079883 459.9856322159792
149.88608824495566 426.3367212010897
158.19246857590394 385.20081538301844
177.2464370872532 355.321030487993
222.25093591884334 318.14691014816356
226.40477179201082 235.225690569755
187.11964434608305 188.88772513460492
164.55601056966032 170.83633760054994
155.28622593313386 143.05630889541555
166.3923951953444 121.23150596026014
192.19393402101701 124.43058476366201
249.2041451394897 136.75258852344857
305.94473902649344 152.04936983810512

[outer points]
361.90534637932393 74.91824492998165
417.7014316575936 77.00609348385396
466.2019638819948 76.28451622615648
517.5663474224319 74.94783338972647
572.1287142782564 75.37276665228697
612.1509728862376 70.0294005906461
658.219332189033 44.19117105191388
714.9608236489211 16.995754847336926
794.3318172240274 17.95220071187091
860.3656742293473 53.32785120306989
919.0824940333591 109.04204697555997
934.7767168870217 187.3592795352438
906.2873758260126 248.66562272295192
868.1828343481145 297.36533783105506
839.138241160764 329.8336801767631
834.2903313744813 341.61349468552385
845.8394975244921 371.5131515810719
890.6833935372483 406.68134714706605
924.5079897791135 471.67169374658636
887.9523570498945 549.2529509399619
823.6471874478689 590.8362406562464
758.3349093454311 592.0314344540797
706.1232700019119 588.0198775311727
646.3931554430169 574.6884312297607
596.142127501249 548.1986424376294
558.6132318240127 499.6737636618863
545.6901108389424 438.82162470771624
556.9193689011296 386.5898043415631
565.0882086615716 341.8149975247953
559.3334202993527 309.4404711740697
533.4354335067999 284.38807375918486
505.10342365953693 268.38333730182165
453.6030016181736 257.26655019864216
411.1919656462696 276.1500384478355
386.7847456137685 314.8246429262743
381.393522903119 356.7149949727168
394.88170774777143 399.57818923267246
407.15970588130733 473.3128980308418
380.195843787103 540.3754333331361
317.662085494901 565.8638957507249
254.58774709463293 563.1655270056328
189.98323953295773 558.5793466049828
122.40121530859554 540.9704764561809
75.31059820920117 492.0143677840208
70.11391175504433 419.6632787989103
83.80753142409606 354.79918461698156
118.75356291274679 300.678969512007
151.74906408115666 279.85308985183644
153.59522820798918 268.774309430245
120.88035565391695 261.1122748653951
75.44398943033968 203.16366239945006
88.71377406686614 112.94369110458446
145.6076048046556 70.76849403973986
195.80606597898299 65.56941523633799
258.7958548605103 71.24741147655143
314.05526097350656 71.95063016189489
