[size]
800 800
[center points]
367 349 40.00000531831112
463 328 40.13827814028823
481 246 41.83795635523183
491 149 43.20098233087352
569 86 44.81868001313876
670 95 44.22879549850409
738 165 41.05430668866084
719 249 40.956526645444754
657 331 38.432433531921006
635 412 36.3339698165271
683 493 39.342085781673056
715 583 38.08630729994467
668 674 44.4216770864497
578 714 50.9861459094762
487 663 48.660604407706536
437 590 61.76722112260524
354 593 65.51500964072306
300 677 37.218397828965536
210 717 35.003707958566395
109 674 39.3403085245699
85 594 39.69302183687446
147 514 31.998032277389427
159 440 43.07904627165149
121 365 33.42017162836543
71 274 31.15963791674475
91 163 37.30217869533158
149 83 41.66539742296459
203 90 41.444088505166235
243 176 36.80840299582875
290 282 37.44936396257956

[inner points]
259.87369567683396 304.24546356068447
357.09013411472387 387.7529996722932
491.37172603873165 356.39236752457066
522.3075146139184 252.64107132947646
528.9732354713997 169.59995782000732
582.0421462192177 128.87909164285864
650.9860399470051 134.93314005123577
698.4797237183886 176.1177272997556
681.8563671745753 231.74347614990015
622.4996221039005 314.0655418683722
598.9960049547483 416.8856630470998
647.3765006766637 509.6962873002587
677.0005945087502 580.428621759175
637.5215749389737 641.6835800099669
580.3597783612124 663.0684918661508
519.8306225489517 627.0833653529236
464.811676730624 534.8483885762158
321.57240322817904 536.0731394170712
275.77250384934206 648.7469016349534
209.7247882254339 681.9973739652617
138.31862182213942 647.7687535702415
124.02352463031002 601.259511551763
176.34559734257823 526.7557824625587
201.56854958924484 433.3876771446719
150.5551686387756 349.39872189841685
101.75126797433589 268.9718240809195
125.31695195156715 177.62187895491823
165.50454969077788 121.25709322358702
178.5105900829457 123.43473155176417
209.48665332594825 191.2221590389852

[outer points]
320.12630432316604 259.75453643931553
376.90986588527613 310.2470003277068
434.62827396126835 299.60763247542934
439.6924853860815 239.35892867052354
453.0267645286003 128.40004217999268
555.9578537807823 43.12090835714137
689.0139600529949 55.066859948764225
777.5202762816114 153.8822727002444
756.1436328254247 266.2565238500998
691.5003778960995 347.9344581316278
671.0039950452517 407.1143369529002
718.6234993233363 476.3037126997413
752.9994054912498 585.571378240825
698.4784250610263 706.3164199900331
575.6402216387876 764.9315081338492
454.16937745104826 698.9166346470764
409.188323269376 645.1516114237842
386.42759677182096 649.9268605829288
324.22749615065794 705.2530983650466
210.2752117745661 752.0026260347383
79.68137817786058 700.2312464297585
45.976475369689986 586.740488448237
117.65440265742177 501.2442175374413
116.43145041075516 446.6123228553281
91.4448313612244 380.60127810158315
40.24873202566411 279.0281759190805
56.683048048432845 148.37812104508177
132.49545030922212 44.74290677641297
227.4894099170543 56.565268448235834
276.5133466740518 160.7778409610148
