[size]
1400 800
[center points]
821 59 33.99972187614805
890 65 28.03360302181681
945 74 26.821261270971153
1009 91 26.591719555733132
1060 117 27.09425146513148
1116 149 26.308002418752263
1162 192 26.144555457125676
1209 236 26.485388978253646
1249 286 26.230200872318377
1276 340 26.030093565857204
1301 405 26.418450295763627
1312 456 26.47059751671829
1320 530 26.036750234580882
1328 601 29.130796272577214
1326 666 35.87470123377484
1305 706 38.82976867930882
1254 722 31.66513031042994
1184 723 29.241266428833136
1110 709 35.72347572816664
1046 673 40.111157339188075
1044 587 39.28503644818332
1093 520 28.213475091682977
1101 453 25.01571437965876
1065 392 25.587043490484874
1015 347 25.113785450140195
955 324 25.66458677660426
891 324 25.06677686793483
829 346 25.55986500658641
792 393 25.245147580403795
792 458 25.104402252196724
814 518 25.41315056153766
859 573 29.01178353985398
883 627 33.255973282238735
886 688 34.11938002340022
846 735 36.17752721062476
782 747 25.186844491527278
716 738 25.260378181678607
656 720 25.074880924110634
598 701 25.380539729425205
539 678 25.07898348798982
478 651 25.49828937793853
418 638 25.028469570456853
360 658 25.341554221942054
305 694 25.315140902815067
250 724 25.061944408077363
187 734 25.505429045152678
125 717 25.05591206355119
80 671 25.225303031561502
72 609 25.48017534624498
100 550 25.023354358727314
148 509 25.22234123741462
207 490 26.483312420116828
271 488 25.66969315271452
334 494 26.200042881729395
396 508 25.70051218967992
456 532 25.6351267881799
521 562 31.632929382156487
598 569 47.09543457609192
650 517 46.19906412406863
639 458 33.09495106498488
605 401 25.525603807870624
562 345 26.143868508051227
524 297 38.83732044194264
474 292 41.461158999779926
419 336 30.348746613116376
364 366 34.996500567600734
312 341 31.91894071347873
273 304 32.837742317273964
209 288 42.93194694467833
158 322 39.302092972784635
81 338 49.720123254749765
55 269 32.69635525841143
64 177 32.342654570868675
89 111 39.350111415551574
135 103 34.34559456384376
194 138 35.94703527268214
258 173 30.185788552966255
319 163 30.363382801506873
375 121 36.61643222943217
429 110 41.790591239233734
483 153 34.81026080637509
528 167 35.49387306746896
564 114 21.252685210268204
614 71 23.5567482765061
653 61 32.398323316824026
730 52 40.52367734376062

[inner points]
730.8019775512689 92.51574086041718
818.2234442788374 92.88615979987551
886.5196997225613 92.81672892997443
939.3848627618733 100.22690012111038
999.4945733212716 115.83478231404652
1047.1221486566799 140.83819219729392
1100.3856932839676 170.1732004440222
1144.139238966735 211.0926948166917
1189.5587145546656 253.98644627385943
1226.9053707238781 300.1368594444775
1252.1837491135364 350.5048543426505
1275.6831935252294 412.549425537665
1285.8677609957892 460.2188407790404
1294.1204600041704 532.8568815835107
1298.8933534953103 602.1859261045396
1291.3044780573587 656.8777773684094
1280.113852481186 676.1934470734964
1248.9819654515609 690.7350066872359
1186.5217669616254 693.8676751055934
1122.2389089242452 675.438476994556
1080.3865748704566 652.3488883648461
1081.4825034108076 598.7633339999295
1119.25133506702 530.3376778798756
1125.4808652210675 447.8547882499746
1084.8058881892443 375.80050656288563
1028.1145734365816 325.5824795269811
959.6711621747438 298.76408792313833
886.7470515792347 299.29664532341525
814.0982397823847 325.23357898983033
768.1454201667666 384.7370406429499
767.2821928201818 462.3887379349223
791.9281621086986 530.5961181942491
834.2967696094781 588.2129547569215
850.6479154110594 634.700803964458
853.6994125426585 677.0089061922013
827.85118724318 703.7040885962178
781.3726576153571 721.8209694989499
721.352021265394 713.3131092630888
663.5062058521806 696.0749811481157
606.5630484704827 677.1076163213233
548.632206670992 654.8445253247064
485.90064950599435 626.7565988651648
416.51554684617867 613.0155911041827
348.84486802041624 635.2457168668908
291.99640277647853 672.279898292646
241.91722929186005 700.2772287623643
188.4046309075113 708.5332781302543
137.70984320414212 695.4069776302035
102.6990373694935 659.9968361126246
97.16523511986817 612.9937797932715
119.86763162765384 565.2133322079775
160.29596341635394 531.0221656782495
211.5168727214129 516.0952811358695
270.1824061849103 513.6566694430131
329.86422418248026 519.8715597788706
388.3732111576325 532.542787510098
445.8649592331459 555.5465639552837
512.8209098051658 592.557236538687
614.0324757371291 613.2824985705337
694.1283155061552 530.6764504360242
669.9608507183519 446.3080579547422
626.1198886022229 386.6644932009337
582.6175679501442 328.92462279175203
542.6336785155689 262.9247379454162
462.2420139378965 252.24100769173833
402.1897626292165 310.732187658504
363.1041568870657 331.0149672417606
330.1179495910454 314.72151680772066
288.8018223365876 275.21424429794126
201.67270458666567 245.69795737335602
142.82402379749166 285.7461138863389
104.95834147820752 294.4329421456864
87.41440384958193 264.7153681301123
95.492418102901 184.36715051581044
114.06145934093416 141.33734537033564
128.79658041818323 136.78072603476525
176.2032395747175 169.23242967270642
252.92356913029744 202.75586799590158
330.90776783583533 190.9309878149465
390.0051764800661 154.40071538177992
419.23838277722217 150.63452159581414
466.7081059435645 183.76245187662607
539.7114659005796 200.5060679846078
579.8568844205238 128.15047155118523
624.8913203293738 91.88778424930808
658.9174838315142 92.85333167574832

[outer points]
729.1980224487311 11.484259139582818
823.7765557211626 25.113840200124486
893.4803002774387 37.18327107002556
950.6151372381267 47.773099878889624
1018.5054266787284 66.16521768595348
1072.8778513433201 93.16180780270606
1131.6143067160324 127.8267995559778
1179.860761033265 172.9073051833083
1228.4412854453344 218.01355372614057
1271.0946292761219 271.8631405555225
1299.8162508864636 329.4951456573495
1326.3168064747706 397.450574462335
1338.1322390042108 451.7811592209596
1345.8795399958296 527.1431184164893
1357.1066465046897 599.8140738954604
1360.6955219426413 675.1222226315906
1329.886147518814 735.8065529265036
1259.0180345484391 753.2649933127641
1181.4782330383746 752.1323248944066
1097.7610910757548 742.561523005444
1011.6134251295435 693.6511116351539
1006.5174965891925 575.2366660000705
1066.74866493298 509.6623221201244
1076.5191347789325 458.1452117500254
1045.1941118107557 408.19949343711437
1001.8854265634185 368.4175204730189
950.3288378252562 349.23591207686167
895.2529484207653 348.70335467658475
843.9017602176153 366.76642101016967
815.8545798332334 401.2629593570501
816.7178071798182 453.6112620650777
836.0718378913014 505.40388180575087
883.7032303905219 557.7870452430785
915.3520845889406 619.299196035542
918.3005874573415 698.9910938077987
864.14881275682 766.2959114037822
782.6273423846429 772.1790305010501
710.647978734606 762.6868907369112
648.4937941478194 743.9250188518843
589.4369515295173 724.8923836786767
529.367793329008 701.1554746752936
470.09935049400565 675.2434011348352
419.48445315382133 662.9844088958173
371.15513197958376 680.7542831331092
318.00359722352147 715.720101707354
258.08277070813995 747.7227712376357
185.5953690924887 759.4667218697457
112.29015679585788 738.5930223697965
57.300962630506504 682.0031638873754
46.83476488013183 605.0062202067285
80.13236837234616 534.7866677920225
135.70403658364606 486.9778343217505
202.4831272785871 463.9047188641304
271.8175938150897 462.3433305569868
338.13577581751974 468.1284402211293
403.6267888423675 483.45721248990196
466.1350407668541 508.45343604471634
529.1790901948342 531.442763461313
581.9675242628709 524.7175014294663
605.8716844938448 503.32354956397575
608.0391492816481 469.6919420452578
583.8801113977771 415.3355067990663
541.3824320498558 361.07537720824797
505.366321484431 331.0752620545838
485.7579860621035 331.75899230826167
435.8102373707835 361.267812341496
364.8958431129343 400.9850327582394
293.8820504089546 367.27848319227934
257.1981776634124 332.78575570205874
216.32729541333433 330.302042626644
173.17597620250834 358.2538861136611
57.041658521792485 381.5670578543136
22.585596150418077 273.2846318698877
32.507581897099 169.63284948418956
63.938540659065836 80.66265462966435
141.20341958181677 69.21927396523475
211.7967604252825 106.76757032729357
263.07643086970256 143.24413200409842
307.09223216416467 135.0690121850535
359.9948235199339 87.59928461822008
438.76161722277783 69.36547840418586
499.2918940564355 122.23754812337393
516.2885340994204 133.4939320153922
548.1431155794762 99.84952844881477
603.1086796706262 50.11221575069192
647.0825161684858 29.14666832425168
