[size]
800 600
[center points]
637 152 31.000063684792202
671 192 31.868374760015524
697 243 32.34357592893559
719 302 32.00209003882694
741 363 33.246604498438955
752 421 35.636648136046894
737 470 36.959319776090126
692 504 33.203055812985646
633 517 31.140631452596818
575 507 33.41691324924461
525 478 34.9942986245782
484 439 34.330393406011105
449 394 34.977346194796795
413 349 33.89620722352695
363 320 33.64337701935276
303 322 33.662111980208216
265 362 29.142757966287395
228 407 31.806441184911634
179 432 33.02854738550294
120 438 34.149903083896874
67 425 41.661284532385736
42 380 36.41354290716237
42 315 30.637317351665033
61 250 26.0453905356187
94 197 26.91647030930649
137 160 24.004662875045028
187 135 20.009408023809947
242 119 19.965383219256097
299 110 18.83704071730619
356 107 19.613357842480312
412 108 35.999368761837594
471 111 37.85459958876804
532 116 37.7393973073461
589 128 33.102252597723194

[inner points]
578.0991223194995 159.25587933234704
617.8717390226088 176.39494989627948
644.4834569319764 209.67671501061346
667.3912598202328 256.016505246719
688.9548677485542 313.0192465643671
708.9295239033187 371.76477458967486
716.4168818757803 419.04746448681607
706.7149797112017 448.8148905025638
678.0994762458373 473.84675217028524
632.281674197665 485.8676545164332
586.4007919704894 475.5880272260215
545.9823680264599 449.99390837284955
509.4508041399293 415.9601979165956
476.46172630320206 372.3373977722277
435.11575317613597 323.3125259008887
371.197336034931 287.37055778600046
289.2070324643063 291.29345624256325
243.16645716929474 342.6972346711315
208.0693012271094 382.21256472981645
169.66427940502362 400.31831343869226
122.37470600687843 403.93276277681963
92.28296670078731 391.88755183174635
77.24933718721584 370.8659792580859
72.32811586348983 319.34172807501477
84.77492268913429 260.63557329336714
114.43732239261246 214.51605627223776
150.2972173579923 179.98519077414255
194.29856956118417 153.63081565106225
246.35409260559902 138.48482498442368
300.9666223492991 128.73409991221058
356.3405474323589 126.61040115100907
410.7644033123114 143.97815798614684
468.49230336044246 148.77144645879886
526.5603754133685 153.3453155493194

[outer points]
599.9008776805005 96.74412066765298
656.1282609773912 127.60505010372052
697.5165430680236 174.32328498938654
726.6087401797672 229.98349475328098
749.0451322514458 290.9807534356329
773.0704760966813 354.23522541032514
787.5831181242197 422.95253551318393
767.2850202887983 491.1851094974362
705.9005237541627 534.1532478297147
633.718325802335 548.1323454835668
563.5992080295106 538.4119727739785
504.01763197354006 506.00609162715045
458.5491958600707 462.0398020834044
421.53827369679794 415.6626022277723
390.88424682386403 374.6874740991113
354.802663965069 352.62944221399954
316.7929675356937 352.70654375743675
286.83354283070526 381.3027653288685
247.9306987728906 431.78743527018355
188.33572059497638 463.68168656130774
117.62529399312157 472.06723722318037
41.717033299212694 458.11244816825365
6.750662812784164 389.1340207419141
11.671884136510169 310.65827192498523
37.225077310865714 239.36442670663288
73.56267760738754 179.48394372776224
123.70278264200769 140.01480922585745
179.70143043881583 116.36918434893775
237.64590739440098 99.51517501557633
297.0333776507009 91.26590008778942
355.6594525676411 87.38959884899093
413.2355966876886 72.02184201385316
473.50769663955754 73.22855354120114
537.4396245866315 78.6546844506806
