[size]
768 512
[center points]
363 163 33.99993199122982
418 155 31.251389765475576
473 134 26.001459915751557
528 114 27.3314257335511
584 108 26.000493600561178
638 126 22.16622058375444
683 164 17.91644105571698
714 213 26.077950911720915
728 269 28.000882516754235
721 328 30.941981802114558
694 381 38.44160348951008
647 420 43.99870822592676
585 438 40.6081338560849
522 432 42.17399393393514
480 397 45.92017152828384
463 341 39.94260015506405
439 293 40.677613538677384
384 277 35.85576584156442
321 287 34.9881234488391
278 323 31.012168416398726
265 382 35.153984655560784
235 418 35.70305701230251
173 413 26.15025688813002
114 386 27.58548775121919
79 346 26.00034446935363
75 295 27.47180960844724
93 236 26.73482499396397
120 175 27.235495243316993
152 124 27.15330555470814
193 104 26.646859541403472
244 117 34.502287420796506
301 144 34.2402306797626

[inner points]
288.62236438521865 175.92471665639417
360.40283696835456 196.9005917292797
425.8705656315906 185.24406650753988
482.08057927250985 158.36429760584323
534.1711476070989 140.62562243103469
581.210134867348 133.8503833630071
627.1498482168989 145.3291371057098
669.4927001954419 175.77079912719464
690.0268783419885 223.26396423046705
700.0554511232699 270.77527738483667
691.3913113358094 319.01491271998873
663.9802161584529 356.98813924429214
626.3863623014427 381.1288761883213
581.1964745737336 397.57038548779553
538.2228640857581 393.0710333402668
518.2742063476634 371.6278246568511
500.1052855231207 326.2145648222648
465.0531706855311 261.76059314851557
386.251674246381 241.21500444078157
306.5029693694973 255.15655663453666
251.4858634138463 306.9141319482639
233.43500679188588 366.5257038630149
221.16916793760691 385.0847092601994
179.59184773832948 387.6942006901605
130.48659026072332 363.88323088587106
102.96255345481674 335.9097103881951
102.30900784944753 297.98637128327806
118.05469916384521 245.3280714655868
144.04957480258778 187.78241577181234
170.15097867572445 144.1951473295131
195.7166764581766 130.50801374001594
232.29960813704523 149.45779825435721

[outer points]
313.37763561478135 112.07528334360583
365.59716303164544 129.0994082707203
410.1294343684094 124.7559334924601
463.91942072749015 109.63570239415675
521.8288523929011 87.37437756896531
586.789865132652 82.14961663699289
648.8501517831011 106.67086289429018
696.5072998045581 152.22920087280536
737.9731216580115 202.73603576953295
755.9445488767301 267.22472261516333
750.6086886641906 336.98508728001127
724.0197838415471 405.01186075570786
667.6136376985573 458.8711238116787
588.8035254262664 478.42961451220447
505.7771359142419 470.9289666597332
441.7257936523366 422.3721753431489
425.8947144768793 355.7854351777352
412.9468293144689 324.23940685148443
381.748325753619 312.78499555921843
335.4970306305027 318.8434433654633
304.5141365861537 339.0858680517361
296.5649932081141 397.4742961369851
248.83083206239309 450.9152907398006
166.40815226167052 438.3057993098395
97.51340973927668 408.11676911412894
55.03744654518326 356.0902896118049
47.690992150552475 292.01362871672194
67.94530083615479 226.6719285344132
95.95042519741222 162.21758422818766
133.84902132427555 103.8048526704869
190.2833235418234 77.49198625998405
255.70039186295477 84.54220174564279
