[size]
800 600
[center points]
440 88 47.998155899143164
486 85 38.740149485379966
540 81 40.999808258271436
565 118 32.99502207599701
553 174 34.35443906845853
552 221 37.53182830776456
562 266 47.88822847195042
606 288 37.69941263223224
653 287 36.29690005234869
699 299 41.885242972480704
730 340 44.15235510727138
732 383 35.45065905967145
734 430 31.554294667562775
730 477 33.14062840250886
713 521 36.30990345517391
674 548 36.373697665857435
627 552 36.33705977293132
580 544 38.37373209424597
538 523 40.26406363103158
505 489 34.193447985473306
478 450 26.896955788065362
451 412 25.46392989412308
421 375 29.28538557052963
387 342 27.501163197392792
349 313 31.657246861825527
305 296 37.695605383746255
258 300 34.35254584000802
220 325 32.75987650868038
210 371 29.391076166152978
218 412 30.28075935181635
236 456 31.901428838427684
226 511 38.4382105896069
180 534 36.739291607464246
124 539 35.39741848528974
92 493 35.49269381084177
78 448 29.581368359860697
71 401 30.038381112916994
67 354 30.90904435910782
69 307 27.23028568210803
77 260 24.3987438496976
92 216 21.170716586994285
124 180 21.919498389147577
163 155 21.113645686763515
206 135 21.271552303725255
250 118 22.995626897519447
295 104 24.010371584338397
342 94 45.14531915513001
397 93 50.625688750983

[inner points]
400.38784420106845 143.51220519023786
444.33514262329317 135.80198226176566
488.6915139604059 123.64653845754528
522.1177139441788 117.8945541053528
532.6085101587673 124.28194776011789
518.8771681777334 170.01755952489697
514.6508268401594 224.69829695938012
524.2542379014508 295.47100048830123
597.7292024635198 324.7809681890766
648.7645851352306 323.0489419308456
675.72128567502 333.82061226112654
688.4782760060837 355.0125580129312
696.5844402000404 384.57713405281504
702.4527873414282 429.33150509184236
697.7080634648083 469.548014645725
684.4714064454781 498.53828949690285
661.69089541631 513.7723528965986
628.5201739806668 515.6947526656257
591.929753627282 507.527759964141
561.7858967778081 490.51268040359105
531.4148370116994 467.28714042829415
500.0205796490832 434.55524999931924
471.2787092772708 396.599166395914
442.61032802862536 355.2357006066546
404.95060734942103 321.1651812343725
364.4621523388744 285.3756787609179
310.33096363755584 258.68325453710924
246.75775291465715 267.53911143911876
192.9894381042048 306.4624959895512
180.6106000144711 370.686110377364
188.98806532352154 420.67364013839403
204.2717098508722 459.319151419569
195.24943152831446 487.93707364623583
169.97588222788903 498.6546663517072
138.98012617422768 506.9286256105706
123.88621750350194 477.4115283857098
106.83749672417851 441.4078731258598
100.83520154297814 397.5121512683714
97.90210716934135 353.34517507084945
96.0787077273809 309.8691542559262
100.64882344714175 266.0026536639286
110.29190125714126 226.6585922713006
138.23955659147205 196.66431629890974
173.1723542893435 173.50160107661665
214.32318218223259 154.57558621782462
257.56367299333067 139.7161163024119
301.0711293128462 127.23013845169038
347.1313818323412 138.85274531296014

[outer points]
393.61215579893155 42.48779480976213
435.66485737670683 40.19801773823434
483.3084860395941 46.353461542454724
557.8822860558212 44.1054458946472
597.3914898412327 111.71805223988211
587.1228318222666 177.98244047510303
589.3491731598406 217.30170304061988
599.7457620985492 236.5289995116988
614.2707975364802 251.2190318109234
657.2354148647694 250.95105806915436
722.27871432498 264.17938773887346
771.5217239939163 324.9874419870688
767.4155597999596 381.42286594718496
765.5472126585718 430.66849490815764
762.2919365351917 484.451985354275
741.5285935545219 543.4617105030972
686.30910458369 582.2276471034014
625.4798260193332 588.3052473343743
568.070246372718 580.4722400358589
514.2141032221919 555.487319596409
478.5851629883005 510.71285957170585
455.9794203509168 465.44475000068076
430.7212907227292 427.400833604086
399.38967197137464 394.7642993933454
369.04939265057897 362.8348187656275
333.5378476611256 340.6243212390821
299.66903636244416 333.31674546289076
269.24224708534285 332.46088856088124
247.0105618957952 343.5375040104488
239.3893999855289 371.313889622636
247.01193467647846 403.32635986160597
267.72829014912776 452.680848580431
256.75056847168554 534.0629263537642
190.02411777211097 569.3453336482928
109.01987382577234 571.0713743894295
60.11378249649806 508.5884716142902
49.16250327582149 454.5921268741402
41.16479845702186 404.4878487316286
36.09789283065865 354.65482492915055
41.9212922726191 304.1308457440738
53.35117655285825 253.99734633607144
73.70809874285874 205.3414077286994
109.76044340852795 163.33568370109026
152.8276457106565 136.49839892338335
197.67681781776741 115.42441378217538
242.43632700666933 96.2838836975881
288.9288706871538 80.76986154830962
336.8686181676588 49.14725468703987
