[size]
768 512
[center points]
691 66 45
690 446 45
435 445 45
435 184 45
251 185 45
251 453 45
62 452 45
62 65 45
368 66 32

[inner points]
367.94771262770473 97.99995728170114
659.138354335373 97.77790955273424
658.2846249892341 414.0761063163266
466.8821354006347 413.2426474293653
466.7332217695178 152.09384642225575
219.09384642225575 153.2667782304822
219.26448468785821 421.0961276978356
93.90387230216443 420.2644846878582
93.7677697381952 96.87175561309746

[outer points]
368.05228737229527 34.00004271829885
722.861645664627 34.22209044726576
721.7153750107659 477.9238936836734
403.1178645993653 476.7573525706347
403.2667782304822 215.90615357774425
282.90615357774425 216.7332217695178
282.7355153121418 484.9038723021644
30.09612769783557 483.7355153121418
30.232230261804805 33.128244386902544
