[size]
1200 600
[center points]
315 168 40.999971345238976
389 166 27.30525418486337
455 158 25.00015607798043
487 150 25.01152826794536
540 120 25.009278754369653
609 127 25.00399607655063
677 168 25.002249058631794
738 189 29.001522985773914
804 183 32.005045216933624
854 133 25.006855384396182
906 87 33.00014089407391
977 98 33.00633228054865
1043 149 32.0026975280443
1084 216 22.001465220872007
1093 287 18.003481510263395
1082 367 19.00033449524157
1057 446 28.002479136977072
1008 480 39.000164706538044
942 470 28.005499058075372
883 429 25.009915496355966
805 399 27.0039312788249
728 418 25.004272991459295
677 462 25.009403123718638
620 497 40.00012811033737
582 453 25.006926920111432
556 395 25.016368241976075
501 329 25.002226370451574
420 321 29.012076635963833
388 372 30.017845142183955
396 453 30.013705799493593
364 518 30.00580501765409
280 535 32.00968594388192
229 488 30.00786281491793
228 402 25.029548656892324
209 354 36.00105785429676
127 353 25.02790077938659
82 335 40.00174414173753
70 262 25.004771248490915
130 185 19.037367135470195
180 168 28.037367135470195
274 168 40.03736713547019

[inner points]
274.0 208.0373671354702
315.55390197058045 208.9962296183125
391.01389972826246 193.23088529564367
459.5446477925799 182.58361202843838
496.2778856757632 173.22708297840472
545.1396549309429 144.47545650247608
601.0908885098688 150.72015546392635
666.4169538266501 190.6519666184329
734.5152896075451 217.79140720727435
817.5751126359788 211.98343037424064
871.1337105897373 151.2147955696249
915.2868249245281 118.66645199339345
963.9706796914784 128.32581050709007
1019.1744101875842 170.36618635044633
1063.2406158650685 223.28782835991626
1074.9967692088976 286.90498646043375
1063.4641291616474 362.8245714956458
1034.4616104297888 429.38194255039934
999.1803642613652 442.0101740912795
952.3575933815745 443.9802337283014
894.7093534283218 406.9005222816123
806.6900600136521 372.049007408599
716.5227182928728 395.7854625876057
662.2403660450315 441.8103132733564
626.1310196321174 457.47253047418803
603.0952437470488 439.57103558570543
577.2207370719351 381.75239651325774
512.7060312921229 306.9074638199426
407.2243580873512 294.9522829320723
358.77919447564324 365.128642674998
366.4685987409897 447.64100051335316
345.6859492836216 494.23145185091454
288.613863792109 504.17109562769144
256.4131733448192 475.7938639248192
252.5587223411631 397.16807875298065
229.41798300028464 324.3489943369789
131.88272347259368 328.45300774202667
113.18939908724603 309.9528261283328
94.23047670596122 268.1743488556469
141.03497092063674 200.512922491632
184.5739273926131 195.66176321379837

[outer points]
274.0 127.96263286452981
314.44609802941955 127.00377038168749
386.98610027173754 138.76911470435633
450.4553522074201 133.41638797156162
477.7221143242368 126.77291702159528
534.8603450690571 95.52454349752391
616.9091114901312 103.27984453607367
687.5830461733499 145.3480333815671
741.4847103924549 160.20859279272565
790.4248873640212 154.01656962575936
836.8662894102627 114.78520443037512
896.7131750754719 55.33354800660655
990.0293203085216 67.67418949290993
1066.825589812416 127.63381364955367
1104.7593841349315 208.71217164008374
1111.0032307911024 287.09501353956625
1100.5358708383526 371.1754285043542
1079.5383895702112 462.61805744960066
1016.8196357386348 517.9898259087205
931.6424066184255 496.0197662716986
871.2906465716782 451.0994777183877
803.3099399863479 425.950992591401
739.4772817071272 440.2145374123943
691.7596339549685 482.1896867266436
613.8689803678826 536.527469525812
560.9047562529512 466.42896441429457
534.7792629280649 408.24760348674226
489.2939687078771 351.0925361800574
432.7756419126488 347.0477170679277
417.22080552435676 378.871357325002
425.5314012590103 458.35899948664684
382.3140507163784 541.7685481490855
271.386136207891 565.8289043723086
201.58682665518083 500.2061360751808
203.4412776588369 406.83192124701935
188.58201699971536 383.6510056630211
122.11727652740633 377.54699225797333
50.81060091275397 360.0471738716672
45.76952329403878 255.8256511443531
118.96502907936326 169.487077508368
175.4260726073869 140.33823678620163
