[size]
768 512
[center points]
354 48 45
353 197 45
685 197 45
684 380 45
451 381 45
451 455 45
58 454 45
59 48 45
216 48 32

[inner points]
216.0 80.0
322.0735979324612 79.71284993534728
321.0735979324612 228.71284993534726
653.0933752289425 228.73274800137764
652.1988563831766 348.1615442481553
419.111985738511 349.2485504825516
419.22070371354164 423.13973748479947
89.89937533008083 422.2599644998524
90.78059416058879 79.85896788660847

[outer points]
216.0 16.0
385.9264020675388 16.28715006465272
384.9264020675388 165.28715006465274
716.9066247710575 165.26725199862236
715.8011436168234 411.8384557518447
482.888014261489 412.7514495174484
482.77929628645836 486.86026251520053
26.100624669919174 485.7400355001476
27.219405839411213 16.141032113391535
