[size]
1200 800
[center points]
382 204 40
421 221 39
480 255 36
577 273 36
648 251 36
693 198 27
733 140 31
815 96 35
949 91 47
1062 118 53
1105 200 52
1106 253 42
1091 312 36
1084 388 36
1085 458 36
1082 514 42
1051 561 41
986 580 39
929 596 40
888 682 40
815 715 41
711 694 48
636 621 36
553 483 44
505 422 68
416 417 64
343 493 36
312 582 37
240 658 62
134 655 61
80 577 41
56 487 42
59 368 38
89 315 44
149 288 39
178 217 36
218 158 42
284 147 45
347 180 45

[inner points]
323.7946931449855 218.55533340232734
362.6102857102063 238.98626844577984
403.44437627775886 255.82527926267187
467.54973833319946 288.77855805726756
579.1047488836549 308.93842000056145
667.8390524468111 281.0401730689535
714.4312316312715 214.4226158320404
753.6675613956155 163.10523546641457
824.1631407479209 129.77923699010668
944.3722646306745 137.7716160224499
1029.4552543721225 159.8310833234897
1054.6283760904912 212.9112162370164
1064.27765289454 248.17861513551222
1055.5214144146275 305.8950868260556
1048.0270675644783 386.60424501097543
1049.0069271970378 457.2938058335897
1042.109689000521 500.85606267647137
1026.6450016499998 528.0176705587448
975.2587896000962 542.5083156000561
903.2376385860678 565.4009684078411
860.0043960159536 653.4299779914602
810.3907579535069 674.2599105578198
733.4019785811154 651.5482467305383
664.2131606667542 598.6389274588201
589.2128844210207 458.00746107515687
536.4077476346506 361.68786698749494
392.5761602325477 357.44058654965846
312.31325031286116 474.17652015065
280.3943898799731 562.7623959667308
216.31011639866335 600.7043682733569
163.07205630923204 601.3733690975012
117.21488797210168 559.7938350227623
97.70942240771956 482.0680549055751
95.62188705176045 378.14087712025446
118.64554919378263 347.5137111538965
177.05665200869186 315.0891911666474
209.73381978011895 233.99896120834836
240.66738283357154 193.3580225051728
276.8892256409908 191.43463613010977

[outer points]
370.2053068550145 141.44466659767266
401.3897142897937 169.01373155422016
438.55562372224114 186.17472073732813
492.45026166680054 221.2214419427324
574.8952511163451 237.06157999943858
628.1609475531889 220.9598269310465
671.5687683687285 181.5773841679596
712.3324386043845 116.89476453358542
805.8368592520791 62.22076300989332
953.6277353693255 44.22838397755008
1094.5447456278775 76.16891667651029
1155.3716239095088 187.0887837629836
1147.72234710546 257.8213848644878
1126.4785855853725 318.1049131739444
1119.9729324355217 389.39575498902457
1120.9930728029622 458.7061941664103
1121.890310999479 527.1439373235287
1075.3549983500002 593.9823294412552
996.7412103999038 617.4916843999439
954.7623614139322 626.5990315921589
915.9956039840464 710.5700220085398
819.6092420464931 755.7400894421802
688.5980214188846 736.4517532694617
607.7868393332458 643.3610725411799
516.7871155789793 507.99253892484313
473.59225236534945 482.31213301250506
439.4238397674523 476.55941345034154
373.68674968713884 511.82347984935
343.6056101200269 601.2376040332692
263.68988360133665 715.2956317266431
104.92794369076796 708.6266309024988
42.785112027898315 594.2061649772377
14.29057759228045 491.9319450944249
22.378112948239547 357.85912287974554
59.35445080621737 282.4862888461035
120.94334799130816 260.9108088333526
146.26618021988105 200.00103879165164
195.33261716642846 122.64197749482719
291.1107743590092 102.56536386989022
